iteration = 1 , objective = 0.654118232835, inputs = [0.95, 1.1], constraints = [0.21967897139431053]
iteration = 1 , objective = 0.654118232835, inputs = [0.95, 1.1], constraints = [0.21967897139431053]
